vect = [ 1 2 3 4 2 3 1 0 -999 ];

whos vect

vect2 = [ 2; 4; 6; 1; 0 ];

whos vect2
